50
6, 3, 20 -> 29 AND
48, 13, 1, 12, 30, 3, 33, 38, 42, 39, 7, 15, 21, 23, 12, 42, 22, 40, 49, 18, 33, 49, 6, 20, 26, 11, 38, 36, 4, 43, 8, 38, 18, 36, 48, 23, 42, 4, 13 -> 26, 4 , 4 , 22 , 23 , 23 , 32 , 26 , 43 , 18 , 22 , 20 , 17 , 35 , 8 , 6 , 36 , 32 , 22 , 22 , 35 , 3 , 45 , 1 , 26 , 49 , 41 , 12 , 12 , 42 , 37 , 18 , 27 , 38 , 41 , 6 , 20  AND
43, 28, 33, 45, 25, 49, 46, 27, 39, 19, 3, 16, 40, 16, 27, 31, 19, 43, 35, 5 -> 15, 29 , 22 , 9 , 46 , 11 , 7 , 23 , 6 , 26 , 19 , 34 , 36 , 26 , 1 , 21 , 30  AND
28, 15, 31, 9, 29, 46, 32, 34, 10 -> 2, 7 , 27 , 44 , 6 , 47 , 45 , 41 , 13 , 44 , 3 , 15 , 46 , 24 , 46 , 21 , 14 , 21 , 34 , 15 , 41 , 24 , 20 , 33 , 47 , 45 , 20 , 32 , 21 , 8 , 42 , 37 , 26 , 18 , 5 , 47 , 45 , 36 , 17 , 47 , 19 , 44 , 32  AND
27, 15, 31, 31, 19, 3, 25, 23, 23, 0, 0, 44, 40, 28, 17, 6 -> 0, 10 , 7 , 6 , 37 , 25  AND
41, 17, 48, 3, 47, 33, 3, 4, 1, 45, 6, 3, 1 -> 19, 33 , 30 , 33 , 38 , 48 , 16 , 19 , 16 , 25  AND
8, 21, 0, 13, 48, 5, 9, 30, 4, 4, 19, 44, 42, 46, 24, 0, 13, 45, 22, 46, 7, 7, 19, 45, 22, 15, 26, 44, 6, 38, 20, 10, 26, 27, 29, 26, 16, 21, 47 -> 18, 22 , 10 , 40 , 21 , 22 , 6 , 12 , 32 , 34 , 16 , 46 , 42 , 33 , 0 , 40 , 38 , 45 , 48 , 14 , 1 , 10 , 31 , 18 , 27  AND
38, 26, 29, 27, 32, 10 -> 21, 9 , 32 , 39 , 27 , 47 , 1 , 1 , 24 , 10 , 2 , 40 , 8 , 4 , 49 , 34 , 36 , 35 , 46 , 49 , 1 , 15 , 30 , 27 , 39 , 32 , 9 , 41 , 27 , 33 , 8 , 45 , 41 , 0 , 16 , 6 , 32  AND
8, 43, 32, 5, 4, 47, 43, 26, 36, 37, 21, 30, 26, 18, 19, 3, 40, 16, 6, 43, 2, 29, 3, 46, 25, 0, 20, 10, 0, 30, 36, 27, 40, 48, 44, 31, 49, 0, 22, 17, 18, 9, 38, 45, 6, 10 -> 47, 28 , 33 , 38 , 46 , 13 , 21 , 28 , 30 , 28 , 13 , 6 , 10 , 13 , 6 , 4 , 18 , 46 , 42 , 37 , 46 , 43 , 37 , 39 , 27 , 43 , 16 , 2 , 45 , 4 , 14 , 41 , 3 , 9 , 24 , 0 , 20 , 32 , 13 , 40 , 47 , 35  AND
24 -> 43, 33 , 12 , 5 , 5 , 31 , 19 , 1 , 1 , 41 , 47 , 41 , 42 , 13 , 14 , 37 , 23 , 49 , 31 , 7 , 29 , 36 , 31 , 0 , 30 , 40 , 45 , 20 , 40  AND
get
